{
 "cells": [
  {
   "cell_type": "markdown",
   "id": "334f8c99",
   "metadata": {},
   "source": [
    "# Introduction \n",
    "Data withdraw"
   ]
  },
  {
   "cell_type": "code",
   "execution_count": 1,
   "id": "7c5a9a0b",
   "metadata": {},
   "outputs": [
    {
     "name": "stdout",
     "output_type": "stream",
     "text": [
      "2023 Mercedes-Benz EQB 300 Base 4MATIC, 4.7, $48900\n",
      "\n",
      "2022 Mercedes-Benz EQS 580 Base 4MATIC, 4.6, $75799\n",
      "\n",
      "2023 Mercedes-Benz AMG GT 53 AMG GT 53, 5.0, $104900\n",
      "\n",
      "2023 Mercedes-Benz EQB 250 250 4D Sport Utility, 4.7, $49995\n",
      "\n",
      "2021 Mercedes-Benz AMG E 53 Base 4MATIC, 4.6, $59546\n",
      "\n",
      "2023 Mercedes-Benz EQS 580 Base 4MATIC, 4.7, $92610\n",
      "\n",
      "2018 Mercedes-Benz CLA 250 Base 4MATIC, 4.3, $19990\n",
      "\n",
      "2017 Mercedes-Benz AMG C 63 S, 4.9, $47250\n",
      "\n",
      "2023 Mercedes-Benz AMG GLE 53 4MATIC, 4.3, $79349\n",
      "\n",
      "2023 Mercedes-Benz EQS 580 Base 4MATIC, 4.8, $90997\n",
      "\n",
      "2019 Mercedes-Benz AMG GLE 43 Base 4MATIC, 4.3, $41219\n",
      "\n",
      "2021 Mercedes-Benz AMG E 53 Base 4MATIC, 4.7, $76577\n",
      "\n",
      "2023 Mercedes-Benz Sprinter 2500 Standard Roof, 4.7, $52988\n",
      "\n",
      "2023 Mercedes-Benz Sprinter 2500 Standard Roof, 4.7, $50988\n",
      "\n",
      "2022 Mercedes-Benz AMG GLB 35 Base, 4.6, $49967\n",
      "\n",
      "2019 Mercedes-Benz CLS 450 Base, 4.0, $43895\n",
      "\n",
      "2019 Mercedes-Benz G-Class G 550 4MATIC, 4.0, $122900\n",
      "\n",
      "2020 Mercedes-Benz A-Class A 220, 4.7, $29000\n",
      "\n",
      "2023 Mercedes-Benz Sprinter 2500 Standard Roof, 4.7, $74988\n",
      "\n",
      "2023 Mercedes-Benz EQB 300 Base 4MATIC, 4.7, $48900\n",
      "\n",
      "2022 Mercedes-Benz EQS 580 Base 4MATIC, 4.6, $75799\n",
      "\n",
      "2023 Mercedes-Benz AMG GT 53 AMG GT 53, 5.0, $104900\n",
      "\n",
      "2023 Mercedes-Benz EQB 250 250 4D Sport Utility, 4.7, $49995\n",
      "\n",
      "2021 Mercedes-Benz AMG E 53 Base 4MATIC, 4.6, $59546\n",
      "\n",
      "2023 Mercedes-Benz EQS 580 Base 4MATIC, 4.7, $92610\n",
      "\n",
      "2018 Mercedes-Benz CLA 250 Base 4MATIC, 4.3, $19990\n",
      "\n",
      "2023 Mercedes-Benz AMG GLE 53 4MATIC, 4.3, $79349\n",
      "\n",
      "2017 Mercedes-Benz AMG C 63 S, 4.9, $47250\n",
      "\n",
      "2023 Mercedes-Benz EQS 580 Base 4MATIC, 4.8, $90997\n",
      "\n",
      "2019 Mercedes-Benz AMG GLE 43 Base 4MATIC, 4.3, $41219\n",
      "\n",
      "2021 Mercedes-Benz AMG E 53 Base 4MATIC, 4.7, $76577\n",
      "\n",
      "2023 Mercedes-Benz Sprinter 2500 Standard Roof, 4.7, $52988\n",
      "\n",
      "2023 Mercedes-Benz Sprinter 2500 Standard Roof, 4.7, $50988\n",
      "\n",
      "2022 Mercedes-Benz AMG GLB 35 Base, 4.6, $49967\n",
      "\n",
      "2019 Mercedes-Benz CLS 450 Base, 4.0, $43895\n",
      "\n",
      "2019 Mercedes-Benz G-Class G 550 4MATIC, 4.0, $122900\n",
      "\n",
      "2020 Mercedes-Benz A-Class A 220, 4.7, $29000\n",
      "\n",
      "2023 Mercedes-Benz Sprinter 2500 Standard Roof, 4.7, $74988\n",
      "\n",
      "2023 Mercedes-Benz EQB 300 Base 4MATIC, 4.7, $48900\n",
      "\n",
      "2022 Mercedes-Benz EQS 580 Base 4MATIC, 4.6, $75799\n",
      "\n",
      "2023 Mercedes-Benz AMG GT 53 AMG GT 53, 5.0, $104900\n",
      "\n",
      "2023 Mercedes-Benz EQB 250 250 4D Sport Utility, 4.7, $49995\n",
      "\n",
      "2021 Mercedes-Benz AMG E 53 Base 4MATIC, 4.6, $59546\n",
      "\n",
      "2023 Mercedes-Benz EQS 580 Base 4MATIC, 4.7, $92610\n",
      "\n",
      "2018 Mercedes-Benz CLA 250 Base 4MATIC, 4.3, $19990\n",
      "\n",
      "2023 Mercedes-Benz AMG GLE 53 4MATIC, 4.3, $79349\n",
      "\n",
      "2017 Mercedes-Benz AMG C 63 S, 4.9, $47250\n",
      "\n",
      "2023 Mercedes-Benz EQS 580 Base 4MATIC, 4.8, $90997\n",
      "\n",
      "2019 Mercedes-Benz AMG GLE 43 Base 4MATIC, 4.3, $41219\n",
      "\n",
      "2021 Mercedes-Benz AMG E 53 Base 4MATIC, 4.7, $76577\n",
      "\n",
      "2023 Mercedes-Benz Sprinter 2500 Standard Roof, 4.7, $52988\n",
      "\n",
      "2023 Mercedes-Benz Sprinter 2500 Standard Roof, 4.7, $50988\n",
      "\n",
      "2022 Mercedes-Benz AMG GLB 35 Base, 4.6, $49967\n",
      "\n",
      "2019 Mercedes-Benz CLS 450 Base, 4.0, $43895\n",
      "\n",
      "2019 Mercedes-Benz G-Class G 550 4MATIC, 4.0, $122900\n",
      "\n",
      "2020 Mercedes-Benz A-Class A 220, 4.7, $29000\n",
      "\n",
      "2023 Mercedes-Benz Sprinter 2500 Standard Roof, 4.7, $74988\n",
      "\n",
      "2023 Mercedes-Benz EQB 300 Base 4MATIC, 4.7, $48900\n",
      "\n",
      "2022 Mercedes-Benz EQS 580 Base 4MATIC, 4.6, $75799\n",
      "\n",
      "2023 Mercedes-Benz AMG GT 53 AMG GT 53, 5.0, $104900\n",
      "\n",
      "2023 Mercedes-Benz EQB 250 250 4D Sport Utility, 4.7, $49995\n",
      "\n",
      "2021 Mercedes-Benz AMG E 53 Base 4MATIC, 4.6, $59546\n",
      "\n",
      "2023 Mercedes-Benz EQS 580 Base 4MATIC, 4.7, $92610\n",
      "\n",
      "2018 Mercedes-Benz CLA 250 Base 4MATIC, 4.3, $19990\n",
      "\n",
      "2023 Mercedes-Benz AMG GLE 53 4MATIC, 4.3, $79349\n",
      "\n",
      "2017 Mercedes-Benz AMG C 63 S, 4.9, $47250\n",
      "\n",
      "2023 Mercedes-Benz EQS 580 Base 4MATIC, 4.8, $90997\n",
      "\n",
      "2019 Mercedes-Benz AMG GLE 43 Base 4MATIC, 4.3, $41219\n",
      "\n",
      "2021 Mercedes-Benz AMG E 53 Base 4MATIC, 4.7, $76577\n",
      "\n",
      "2023 Mercedes-Benz Sprinter 2500 Standard Roof, 4.7, $52988\n",
      "\n",
      "2023 Mercedes-Benz Sprinter 2500 Standard Roof, 4.7, $50988\n",
      "\n",
      "2022 Mercedes-Benz AMG GLB 35 Base, 4.6, $49967\n",
      "\n",
      "2019 Mercedes-Benz CLS 450 Base, 4.0, $43895\n",
      "\n",
      "2019 Mercedes-Benz G-Class G 550 4MATIC, 4.0, $122900\n",
      "\n",
      "2020 Mercedes-Benz A-Class A 220, 4.7, $29000\n",
      "\n",
      "2023 Mercedes-Benz Sprinter 2500 Standard Roof, 4.7, $74988\n",
      "\n",
      "2023 Mercedes-Benz EQB 300 Base 4MATIC, 4.7, $48900\n",
      "\n",
      "2022 Mercedes-Benz EQS 580 Base 4MATIC, 4.6, $75799\n",
      "\n",
      "2023 Mercedes-Benz EQB 250 250 4D Sport Utility, 4.7, $49995\n",
      "\n",
      "2023 Mercedes-Benz AMG GT 53 AMG GT 53, 5.0, $104900\n",
      "\n",
      "2021 Mercedes-Benz AMG E 53 Base 4MATIC, 4.6, $59546\n",
      "\n",
      "2023 Mercedes-Benz EQS 580 Base 4MATIC, 4.7, $92610\n",
      "\n",
      "2018 Mercedes-Benz CLA 250 Base 4MATIC, 4.3, $19990\n",
      "\n",
      "2017 Mercedes-Benz AMG C 63 S, 4.9, $47250\n",
      "\n",
      "2023 Mercedes-Benz AMG GLE 53 4MATIC, 4.3, $79349\n",
      "\n",
      "2023 Mercedes-Benz EQS 580 Base 4MATIC, 4.8, $90997\n",
      "\n",
      "2019 Mercedes-Benz AMG GLE 43 Base 4MATIC, 4.3, $41219\n",
      "\n",
      "2021 Mercedes-Benz AMG E 53 Base 4MATIC, 4.7, $76577\n",
      "\n",
      "2023 Mercedes-Benz Sprinter 2500 Standard Roof, 4.7, $52988\n",
      "\n",
      "2023 Mercedes-Benz Sprinter 2500 Standard Roof, 4.7, $50988\n",
      "\n",
      "2022 Mercedes-Benz AMG GLB 35 Base, 4.6, $49967\n",
      "\n",
      "2019 Mercedes-Benz CLS 450 Base, 4.0, $43895\n",
      "\n",
      "2019 Mercedes-Benz G-Class G 550 4MATIC, 4.0, $122900\n",
      "\n",
      "2020 Mercedes-Benz A-Class A 220, 4.7, $29000\n",
      "\n",
      "2023 Mercedes-Benz Sprinter 2500 Standard Roof, 4.7, $74988\n",
      "\n",
      "2023 Mercedes-Benz EQB 300 Base 4MATIC, 4.7, $48900\n",
      "\n",
      "2022 Mercedes-Benz EQS 580 Base 4MATIC, 4.6, $75799\n",
      "\n",
      "2023 Mercedes-Benz EQB 250 250 4D Sport Utility, 4.7, $49995\n",
      "\n",
      "2023 Mercedes-Benz AMG GT 53 AMG GT 53, 5.0, $104900\n",
      "\n",
      "2021 Mercedes-Benz AMG E 53 Base 4MATIC, 4.6, $59546\n",
      "\n",
      "2023 Mercedes-Benz EQS 580 Base 4MATIC, 4.7, $92610\n",
      "\n",
      "2018 Mercedes-Benz CLA 250 Base 4MATIC, 4.3, $19990\n",
      "\n",
      "2017 Mercedes-Benz AMG C 63 S, 4.9, $47250\n",
      "\n",
      "2023 Mercedes-Benz AMG GLE 53 4MATIC, 4.3, $79349\n",
      "\n",
      "2023 Mercedes-Benz EQS 580 Base 4MATIC, 4.8, $90997\n",
      "\n",
      "2019 Mercedes-Benz AMG GLE 43 Base 4MATIC, 4.3, $41219\n",
      "\n",
      "2021 Mercedes-Benz AMG E 53 Base 4MATIC, 4.7, $76577\n",
      "\n",
      "2023 Mercedes-Benz Sprinter 2500 Standard Roof, 4.7, $52988\n",
      "\n",
      "2023 Mercedes-Benz Sprinter 2500 Standard Roof, 4.7, $50988\n",
      "\n",
      "2022 Mercedes-Benz AMG GLB 35 Base, 4.6, $49967\n",
      "\n",
      "2019 Mercedes-Benz CLS 450 Base, 4.0, $43895\n",
      "\n",
      "2019 Mercedes-Benz G-Class G 550 4MATIC, 4.0, $122900\n",
      "\n",
      "2020 Mercedes-Benz A-Class A 220, 4.7, $29000\n",
      "\n",
      "2023 Mercedes-Benz Sprinter 2500 Standard Roof, 4.7, $74988\n",
      "\n",
      "2023 Mercedes-Benz EQB 300 Base 4MATIC, 4.7, $48900\n",
      "\n",
      "2022 Mercedes-Benz EQS 580 Base 4MATIC, 4.6, $75799\n",
      "\n",
      "2023 Mercedes-Benz EQB 250 250 4D Sport Utility, 4.7, $49995\n",
      "\n",
      "2023 Mercedes-Benz AMG GT 53 AMG GT 53, 5.0, $104900\n",
      "\n",
      "2021 Mercedes-Benz AMG E 53 Base 4MATIC, 4.6, $59546\n",
      "\n",
      "2023 Mercedes-Benz EQS 580 Base 4MATIC, 4.7, $92610\n",
      "\n",
      "2018 Mercedes-Benz CLA 250 Base 4MATIC, 4.3, $19990\n",
      "\n",
      "2023 Mercedes-Benz AMG GLE 53 4MATIC, 4.3, $79349\n",
      "\n",
      "2017 Mercedes-Benz AMG C 63 S, 4.9, $47250\n",
      "\n",
      "2023 Mercedes-Benz EQS 580 Base 4MATIC, 4.8, $90997\n",
      "\n",
      "2019 Mercedes-Benz AMG GLE 43 Base 4MATIC, 4.3, $41219\n",
      "\n",
      "2021 Mercedes-Benz AMG E 53 Base 4MATIC, 4.7, $76577\n",
      "\n",
      "2023 Mercedes-Benz Sprinter 2500 Standard Roof, 4.7, $52988\n",
      "\n",
      "2023 Mercedes-Benz Sprinter 2500 Standard Roof, 4.7, $50988\n",
      "\n",
      "2022 Mercedes-Benz AMG GLB 35 Base, 4.6, $49967\n",
      "\n",
      "2019 Mercedes-Benz CLS 450 Base, 4.0, $43895\n",
      "\n",
      "2019 Mercedes-Benz G-Class G 550 4MATIC, 4.0, $122900\n",
      "\n",
      "2020 Mercedes-Benz A-Class A 220, 4.7, $29000\n",
      "\n",
      "2023 Mercedes-Benz Sprinter 2500 Standard Roof, 4.7, $74988\n",
      "\n",
      "2023 Mercedes-Benz EQB 300 Base 4MATIC, 4.7, $48900\n",
      "\n",
      "2022 Mercedes-Benz EQS 580 Base 4MATIC, 4.6, $75799\n",
      "\n",
      "2023 Mercedes-Benz EQB 250 250 4D Sport Utility, 4.7, $49995\n",
      "\n",
      "2023 Mercedes-Benz AMG GT 53 AMG GT 53, 5.0, $104900\n",
      "\n",
      "2021 Mercedes-Benz AMG E 53 Base 4MATIC, 4.6, $59546\n",
      "\n",
      "2023 Mercedes-Benz EQS 580 Base 4MATIC, 4.7, $92610\n",
      "\n",
      "2018 Mercedes-Benz CLA 250 Base 4MATIC, 4.3, $19990\n",
      "\n",
      "2023 Mercedes-Benz AMG GLE 53 4MATIC, 4.3, $79349\n",
      "\n",
      "2017 Mercedes-Benz AMG C 63 S, 4.9, $47250\n",
      "\n",
      "2023 Mercedes-Benz EQS 580 Base 4MATIC, 4.8, $90997\n",
      "\n",
      "2019 Mercedes-Benz AMG GLE 43 Base 4MATIC, 4.3, $41219\n",
      "\n",
      "2021 Mercedes-Benz AMG E 53 Base 4MATIC, 4.7, $76577\n",
      "\n",
      "2023 Mercedes-Benz Sprinter 2500 Standard Roof, 4.7, $52988\n",
      "\n",
      "2023 Mercedes-Benz Sprinter 2500 Standard Roof, 4.7, $50988\n",
      "\n",
      "2022 Mercedes-Benz AMG GLB 35 Base, 4.6, $49967\n",
      "\n",
      "2019 Mercedes-Benz CLS 450 Base, 4.0, $43895\n",
      "\n",
      "2019 Mercedes-Benz G-Class G 550 4MATIC, 4.0, $122900\n",
      "\n",
      "2020 Mercedes-Benz A-Class A 220, 4.7, $29000\n",
      "\n",
      "2023 Mercedes-Benz Sprinter 2500 Standard Roof, 4.7, $74988\n",
      "\n",
      "2023 Mercedes-Benz EQB 300 Base 4MATIC, 4.7, $48900\n",
      "\n",
      "2022 Mercedes-Benz EQS 580 Base 4MATIC, 4.6, $75799\n",
      "\n",
      "2023 Mercedes-Benz AMG GT 53 AMG GT 53, 5.0, $104900\n",
      "\n",
      "2023 Mercedes-Benz EQB 250 250 4D Sport Utility, 4.7, $49995\n",
      "\n",
      "2021 Mercedes-Benz AMG E 53 Base 4MATIC, 4.6, $59546\n",
      "\n",
      "2023 Mercedes-Benz EQS 580 Base 4MATIC, 4.7, $92610\n",
      "\n",
      "2018 Mercedes-Benz CLA 250 Base 4MATIC, 4.3, $19990\n",
      "\n",
      "2023 Mercedes-Benz AMG GLE 53 4MATIC, 4.3, $79349\n",
      "\n",
      "2017 Mercedes-Benz AMG C 63 S, 4.9, $47250\n",
      "\n",
      "2023 Mercedes-Benz EQS 580 Base 4MATIC, 4.8, $90997\n",
      "\n",
      "2019 Mercedes-Benz AMG GLE 43 Base 4MATIC, 4.3, $41219\n",
      "\n",
      "2021 Mercedes-Benz AMG E 53 Base 4MATIC, 4.7, $76577\n",
      "\n",
      "2023 Mercedes-Benz Sprinter 2500 Standard Roof, 4.7, $52988\n",
      "\n",
      "2023 Mercedes-Benz Sprinter 2500 Standard Roof, 4.7, $50988\n",
      "\n",
      "2022 Mercedes-Benz AMG GLB 35 Base, 4.6, $49967\n",
      "\n",
      "2019 Mercedes-Benz CLS 450 Base, 4.0, $43895\n",
      "\n",
      "2019 Mercedes-Benz G-Class G 550 4MATIC, 4.0, $122900\n",
      "\n",
      "2020 Mercedes-Benz A-Class A 220, 4.7, $29000\n",
      "\n",
      "2023 Mercedes-Benz Sprinter 2500 Standard Roof, 4.7, $74988\n",
      "\n"
     ]
    },
    {
     "name": "stdout",
     "output_type": "stream",
     "text": [
      "2023 Mercedes-Benz EQB 300 Base 4MATIC, 4.7, $48900\n",
      "\n",
      "2022 Mercedes-Benz EQS 580 Base 4MATIC, 4.6, $75799\n",
      "\n",
      "2023 Mercedes-Benz AMG GT 53 AMG GT 53, 5.0, $104900\n",
      "\n",
      "2023 Mercedes-Benz EQB 250 250 4D Sport Utility, 4.7, $49995\n",
      "\n",
      "2021 Mercedes-Benz AMG E 53 Base 4MATIC, 4.6, $59546\n",
      "\n",
      "2023 Mercedes-Benz EQS 580 Base 4MATIC, 4.7, $92610\n",
      "\n",
      "2018 Mercedes-Benz CLA 250 Base 4MATIC, 4.3, $19990\n",
      "\n",
      "2023 Mercedes-Benz AMG GLE 53 4MATIC, 4.3, $79349\n",
      "\n",
      "2017 Mercedes-Benz AMG C 63 S, 4.9, $47250\n",
      "\n",
      "2023 Mercedes-Benz EQS 580 Base 4MATIC, 4.8, $90997\n",
      "\n",
      "2019 Mercedes-Benz AMG GLE 43 Base 4MATIC, 4.3, $41219\n",
      "\n",
      "2021 Mercedes-Benz AMG E 53 Base 4MATIC, 4.7, $76577\n",
      "\n",
      "2023 Mercedes-Benz Sprinter 2500 Standard Roof, 4.7, $52988\n",
      "\n",
      "2023 Mercedes-Benz Sprinter 2500 Standard Roof, 4.7, $50988\n",
      "\n",
      "2022 Mercedes-Benz AMG GLB 35 Base, 4.6, $49967\n",
      "\n",
      "2019 Mercedes-Benz CLS 450 Base, 4.0, $43895\n",
      "\n",
      "2019 Mercedes-Benz G-Class G 550 4MATIC, 4.0, $122900\n",
      "\n",
      "2020 Mercedes-Benz A-Class A 220, 4.7, $29000\n",
      "\n",
      "2023 Mercedes-Benz Sprinter 2500 Standard Roof, 4.7, $74988\n",
      "\n",
      "2023 Mercedes-Benz EQB 300 Base 4MATIC, 4.7, $48900\n",
      "\n",
      "2022 Mercedes-Benz EQS 580 Base 4MATIC, 4.6, $75799\n",
      "\n",
      "2023 Mercedes-Benz AMG GT 53 AMG GT 53, 5.0, $104900\n",
      "\n",
      "2023 Mercedes-Benz EQB 250 250 4D Sport Utility, 4.7, $49995\n",
      "\n",
      "2021 Mercedes-Benz AMG E 53 Base 4MATIC, 4.6, $59546\n",
      "\n",
      "2023 Mercedes-Benz EQS 580 Base 4MATIC, 4.7, $92610\n",
      "\n",
      "2018 Mercedes-Benz CLA 250 Base 4MATIC, 4.3, $19990\n",
      "\n",
      "2023 Mercedes-Benz AMG GLE 53 4MATIC, 4.3, $79349\n",
      "\n",
      "2017 Mercedes-Benz AMG C 63 S, 4.9, $47250\n",
      "\n",
      "2023 Mercedes-Benz EQS 580 Base 4MATIC, 4.8, $90997\n",
      "\n",
      "2019 Mercedes-Benz AMG GLE 43 Base 4MATIC, 4.3, $41219\n",
      "\n",
      "2021 Mercedes-Benz AMG E 53 Base 4MATIC, 4.7, $76577\n",
      "\n",
      "2023 Mercedes-Benz Sprinter 2500 Standard Roof, 4.7, $52988\n",
      "\n",
      "2023 Mercedes-Benz Sprinter 2500 Standard Roof, 4.7, $50988\n",
      "\n",
      "2022 Mercedes-Benz AMG GLB 35 Base, 4.6, $49967\n",
      "\n",
      "2019 Mercedes-Benz CLS 450 Base, 4.0, $43895\n",
      "\n",
      "2019 Mercedes-Benz G-Class G 550 4MATIC, 4.0, $122900\n",
      "\n",
      "2020 Mercedes-Benz A-Class A 220, 4.7, $29000\n",
      "\n",
      "2023 Mercedes-Benz Sprinter 2500 Standard Roof, 4.7, $74988\n",
      "\n",
      "2023 Mercedes-Benz EQB 300 Base 4MATIC, 4.7, $48900\n",
      "\n",
      "2022 Mercedes-Benz EQS 580 Base 4MATIC, 4.6, $75799\n",
      "\n",
      "2023 Mercedes-Benz AMG GT 53 AMG GT 53, 5.0, $104900\n",
      "\n",
      "2023 Mercedes-Benz EQB 250 250 4D Sport Utility, 4.7, $49995\n",
      "\n",
      "2021 Mercedes-Benz AMG E 53 Base 4MATIC, 4.6, $59546\n",
      "\n",
      "2023 Mercedes-Benz EQS 580 Base 4MATIC, 4.7, $92610\n",
      "\n",
      "2018 Mercedes-Benz CLA 250 Base 4MATIC, 4.3, $19990\n",
      "\n",
      "2023 Mercedes-Benz AMG GLE 53 4MATIC, 4.3, $79349\n",
      "\n",
      "2017 Mercedes-Benz AMG C 63 S, 4.9, $47250\n",
      "\n",
      "2023 Mercedes-Benz EQS 580 Base 4MATIC, 4.8, $90997\n",
      "\n",
      "2019 Mercedes-Benz AMG GLE 43 Base 4MATIC, 4.3, $41219\n",
      "\n",
      "2021 Mercedes-Benz AMG E 53 Base 4MATIC, 4.7, $76577\n",
      "\n",
      "2023 Mercedes-Benz Sprinter 2500 Standard Roof, 4.7, $52988\n",
      "\n",
      "2023 Mercedes-Benz Sprinter 2500 Standard Roof, 4.7, $50988\n",
      "\n",
      "2022 Mercedes-Benz AMG GLB 35 Base, 4.6, $49967\n",
      "\n",
      "2019 Mercedes-Benz CLS 450 Base, 4.0, $43895\n",
      "\n",
      "2019 Mercedes-Benz G-Class G 550 4MATIC, 4.0, $122900\n",
      "\n",
      "2020 Mercedes-Benz A-Class A 220, 4.7, $29000\n",
      "\n",
      "2023 Mercedes-Benz Sprinter 2500 Standard Roof, 4.7, $74988\n",
      "\n",
      "2023 Mercedes-Benz EQB 300 Base 4MATIC, 4.7, $48900\n",
      "\n",
      "2022 Mercedes-Benz EQS 580 Base 4MATIC, 4.6, $75799\n",
      "\n",
      "2023 Mercedes-Benz AMG GT 53 AMG GT 53, 5.0, $104900\n",
      "\n",
      "2023 Mercedes-Benz EQB 250 250 4D Sport Utility, 4.7, $49995\n",
      "\n",
      "2021 Mercedes-Benz AMG E 53 Base 4MATIC, 4.6, $59546\n",
      "\n",
      "2023 Mercedes-Benz EQS 580 Base 4MATIC, 4.7, $92610\n",
      "\n",
      "2018 Mercedes-Benz CLA 250 Base 4MATIC, 4.3, $19990\n",
      "\n",
      "2023 Mercedes-Benz AMG GLE 53 4MATIC, 4.3, $79349\n",
      "\n",
      "2017 Mercedes-Benz AMG C 63 S, 4.9, $47250\n",
      "\n",
      "2023 Mercedes-Benz EQS 580 Base 4MATIC, 4.8, $90997\n",
      "\n",
      "2019 Mercedes-Benz AMG GLE 43 Base 4MATIC, 4.3, $41219\n",
      "\n",
      "2021 Mercedes-Benz AMG E 53 Base 4MATIC, 4.7, $76577\n",
      "\n",
      "2023 Mercedes-Benz Sprinter 2500 Standard Roof, 4.7, $52988\n",
      "\n",
      "2023 Mercedes-Benz Sprinter 2500 Standard Roof, 4.7, $50988\n",
      "\n",
      "2022 Mercedes-Benz AMG GLB 35 Base, 4.6, $49967\n",
      "\n",
      "2019 Mercedes-Benz CLS 450 Base, 4.0, $43895\n",
      "\n",
      "2019 Mercedes-Benz G-Class G 550 4MATIC, 4.0, $122900\n",
      "\n",
      "2020 Mercedes-Benz A-Class A 220, 4.7, $29000\n",
      "\n",
      "2023 Mercedes-Benz Sprinter 2500 Standard Roof, 4.7, $74988\n",
      "\n",
      "2023 Mercedes-Benz EQB 300 Base 4MATIC, 4.7, $48900\n",
      "\n",
      "2022 Mercedes-Benz EQS 580 Base 4MATIC, 4.6, $75799\n",
      "\n",
      "2023 Mercedes-Benz AMG GT 53 AMG GT 53, 5.0, $104900\n",
      "\n",
      "2023 Mercedes-Benz EQB 250 250 4D Sport Utility, 4.7, $49995\n",
      "\n",
      "2021 Mercedes-Benz AMG E 53 Base 4MATIC, 4.6, $59546\n",
      "\n",
      "2023 Mercedes-Benz EQS 580 Base 4MATIC, 4.7, $92610\n",
      "\n",
      "2018 Mercedes-Benz CLA 250 Base 4MATIC, 4.3, $19990\n",
      "\n",
      "2023 Mercedes-Benz AMG GLE 53 4MATIC, 4.3, $79349\n",
      "\n",
      "2017 Mercedes-Benz AMG C 63 S, 4.9, $47250\n",
      "\n",
      "2023 Mercedes-Benz EQS 580 Base 4MATIC, 4.8, $90997\n",
      "\n",
      "2019 Mercedes-Benz AMG GLE 43 Base 4MATIC, 4.3, $41219\n",
      "\n",
      "2021 Mercedes-Benz AMG E 53 Base 4MATIC, 4.7, $76577\n",
      "\n",
      "2023 Mercedes-Benz Sprinter 2500 Standard Roof, 4.7, $52988\n",
      "\n",
      "2023 Mercedes-Benz Sprinter 2500 Standard Roof, 4.7, $50988\n",
      "\n",
      "2022 Mercedes-Benz AMG GLB 35 Base, 4.6, $49967\n",
      "\n",
      "2019 Mercedes-Benz CLS 450 Base, 4.0, $43895\n",
      "\n",
      "2019 Mercedes-Benz G-Class G 550 4MATIC, 4.0, $122900\n",
      "\n",
      "2020 Mercedes-Benz A-Class A 220, 4.7, $29000\n",
      "\n",
      "2023 Mercedes-Benz Sprinter 2500 Standard Roof, 4.7, $74988\n",
      "\n",
      "2023 Mercedes-Benz EQB 300 Base 4MATIC, 4.7, $48900\n",
      "\n",
      "2022 Mercedes-Benz EQS 580 Base 4MATIC, 4.6, $75799\n",
      "\n",
      "2023 Mercedes-Benz AMG GT 53 AMG GT 53, 5.0, $104900\n",
      "\n",
      "2023 Mercedes-Benz EQB 250 250 4D Sport Utility, 4.7, $49995\n",
      "\n",
      "2021 Mercedes-Benz AMG E 53 Base 4MATIC, 4.6, $59546\n",
      "\n",
      "2023 Mercedes-Benz EQS 580 Base 4MATIC, 4.7, $92610\n",
      "\n",
      "2017 Mercedes-Benz AMG C 63 S, 4.9, $47250\n",
      "\n",
      "2023 Mercedes-Benz AMG GLE 53 4MATIC, 4.3, $79349\n",
      "\n",
      "2018 Mercedes-Benz CLA 250 Base 4MATIC, 4.3, $19990\n",
      "\n",
      "2023 Mercedes-Benz EQS 580 Base 4MATIC, 4.8, $90997\n",
      "\n",
      "2019 Mercedes-Benz AMG GLE 43 Base 4MATIC, 4.3, $41219\n",
      "\n",
      "2021 Mercedes-Benz AMG E 53 Base 4MATIC, 4.7, $76577\n",
      "\n",
      "2023 Mercedes-Benz Sprinter 2500 Standard Roof, 4.7, $52988\n",
      "\n",
      "2023 Mercedes-Benz Sprinter 2500 Standard Roof, 4.7, $50988\n",
      "\n",
      "2022 Mercedes-Benz AMG GLB 35 Base, 4.6, $49967\n",
      "\n",
      "2019 Mercedes-Benz CLS 450 Base, 4.0, $43895\n",
      "\n",
      "2019 Mercedes-Benz G-Class G 550 4MATIC, 4.0, $122900\n",
      "\n",
      "2020 Mercedes-Benz A-Class A 220, 4.7, $29000\n",
      "\n",
      "2023 Mercedes-Benz Sprinter 2500 Standard Roof, 4.7, $74988\n",
      "\n",
      "2023 Mercedes-Benz EQB 300 Base 4MATIC, 4.7, $48900\n",
      "\n",
      "2022 Mercedes-Benz EQS 580 Base 4MATIC, 4.6, $75799\n",
      "\n",
      "2023 Mercedes-Benz AMG GT 53 AMG GT 53, 5.0, $104900\n",
      "\n",
      "2023 Mercedes-Benz EQB 250 250 4D Sport Utility, 4.7, $49995\n",
      "\n",
      "2021 Mercedes-Benz AMG E 53 Base 4MATIC, 4.6, $59546\n",
      "\n",
      "2023 Mercedes-Benz EQS 580 Base 4MATIC, 4.7, $92610\n",
      "\n",
      "2018 Mercedes-Benz CLA 250 Base 4MATIC, 4.3, $19990\n",
      "\n",
      "2023 Mercedes-Benz AMG GLE 53 4MATIC, 4.3, $79349\n",
      "\n",
      "2017 Mercedes-Benz AMG C 63 S, 4.9, $47250\n",
      "\n",
      "2023 Mercedes-Benz EQS 580 Base 4MATIC, 4.8, $90997\n",
      "\n",
      "2019 Mercedes-Benz AMG GLE 43 Base 4MATIC, 4.3, $41219\n",
      "\n",
      "2021 Mercedes-Benz AMG E 53 Base 4MATIC, 4.7, $76577\n",
      "\n",
      "2023 Mercedes-Benz Sprinter 2500 Standard Roof, 4.7, $52988\n",
      "\n",
      "2023 Mercedes-Benz Sprinter 2500 Standard Roof, 4.7, $50988\n",
      "\n",
      "2022 Mercedes-Benz AMG GLB 35 Base, 4.6, $49967\n",
      "\n",
      "2019 Mercedes-Benz CLS 450 Base, 4.0, $43895\n",
      "\n",
      "2019 Mercedes-Benz G-Class G 550 4MATIC, 4.0, $122900\n",
      "\n",
      "2020 Mercedes-Benz A-Class A 220, 4.7, $29000\n",
      "\n",
      "2023 Mercedes-Benz Sprinter 2500 Standard Roof, 4.7, $74988\n",
      "\n",
      "2023 Mercedes-Benz EQB 300 Base 4MATIC, 4.7, $48900\n",
      "\n",
      "2022 Mercedes-Benz EQS 580 Base 4MATIC, 4.6, $75799\n",
      "\n",
      "2023 Mercedes-Benz AMG GT 53 AMG GT 53, 5.0, $104900\n",
      "\n",
      "2023 Mercedes-Benz EQB 250 250 4D Sport Utility, 4.7, $49995\n",
      "\n",
      "2021 Mercedes-Benz AMG E 53 Base 4MATIC, 4.6, $59546\n",
      "\n",
      "2023 Mercedes-Benz EQS 580 Base 4MATIC, 4.7, $92610\n",
      "\n",
      "2018 Mercedes-Benz CLA 250 Base 4MATIC, 4.3, $19990\n",
      "\n",
      "2023 Mercedes-Benz AMG GLE 53 4MATIC, 4.3, $79349\n",
      "\n",
      "2017 Mercedes-Benz AMG C 63 S, 4.9, $47250\n",
      "\n",
      "2023 Mercedes-Benz EQS 580 Base 4MATIC, 4.8, $90997\n",
      "\n",
      "2019 Mercedes-Benz AMG GLE 43 Base 4MATIC, 4.3, $41219\n",
      "\n",
      "2021 Mercedes-Benz AMG E 53 Base 4MATIC, 4.7, $76577\n",
      "\n",
      "2023 Mercedes-Benz Sprinter 2500 Standard Roof, 4.7, $52988\n",
      "\n",
      "2023 Mercedes-Benz Sprinter 2500 Standard Roof, 4.7, $50988\n",
      "\n",
      "2022 Mercedes-Benz AMG GLB 35 Base, 4.6, $49967\n",
      "\n",
      "2019 Mercedes-Benz CLS 450 Base, 4.0, $43895\n",
      "\n",
      "2019 Mercedes-Benz G-Class G 550 4MATIC, 4.0, $122900\n",
      "\n",
      "2020 Mercedes-Benz A-Class A 220, 4.7, $29000\n",
      "\n",
      "2023 Mercedes-Benz Sprinter 2500 Standard Roof, 4.7, $74988\n",
      "\n",
      "2023 Mercedes-Benz EQB 300 Base 4MATIC, 4.7, $48900\n",
      "\n",
      "2022 Mercedes-Benz EQS 580 Base 4MATIC, 4.6, $75799\n",
      "\n",
      "2023 Mercedes-Benz AMG GT 53 AMG GT 53, 5.0, $104900\n",
      "\n",
      "2023 Mercedes-Benz EQB 250 250 4D Sport Utility, 4.7, $49995\n",
      "\n",
      "2021 Mercedes-Benz AMG E 53 Base 4MATIC, 4.6, $59546\n",
      "\n",
      "2023 Mercedes-Benz EQS 580 Base 4MATIC, 4.7, $92610\n",
      "\n",
      "2018 Mercedes-Benz CLA 250 Base 4MATIC, 4.3, $19990\n",
      "\n",
      "2023 Mercedes-Benz AMG GLE 53 4MATIC, 4.3, $79349\n",
      "\n",
      "2017 Mercedes-Benz AMG C 63 S, 4.9, $47250\n",
      "\n",
      "2023 Mercedes-Benz EQS 580 Base 4MATIC, 4.8, $90997\n",
      "\n",
      "2019 Mercedes-Benz AMG GLE 43 Base 4MATIC, 4.3, $41219\n",
      "\n",
      "2021 Mercedes-Benz AMG E 53 Base 4MATIC, 4.7, $76577\n",
      "\n",
      "2023 Mercedes-Benz Sprinter 2500 Standard Roof, 4.7, $52988\n",
      "\n",
      "2023 Mercedes-Benz Sprinter 2500 Standard Roof, 4.7, $50988\n",
      "\n",
      "2022 Mercedes-Benz AMG GLB 35 Base, 4.6, $49967\n",
      "\n",
      "2019 Mercedes-Benz CLS 450 Base, 4.0, $43895\n",
      "\n",
      "2019 Mercedes-Benz G-Class G 550 4MATIC, 4.0, $122900\n",
      "\n",
      "2020 Mercedes-Benz A-Class A 220, 4.7, $29000\n",
      "\n",
      "2023 Mercedes-Benz Sprinter 2500 Standard Roof, 4.7, $74988\n",
      "\n"
     ]
    },
    {
     "name": "stdout",
     "output_type": "stream",
     "text": [
      "2023 Mercedes-Benz EQB 300 Base 4MATIC, 4.7, $48900\n",
      "\n",
      "2022 Mercedes-Benz EQS 580 Base 4MATIC, 4.6, $75799\n",
      "\n",
      "2023 Mercedes-Benz AMG GT 53 AMG GT 53, 5.0, $104900\n",
      "\n",
      "2023 Mercedes-Benz EQB 250 250 4D Sport Utility, 4.7, $49995\n",
      "\n",
      "2021 Mercedes-Benz AMG E 53 Base 4MATIC, 4.6, $59546\n",
      "\n",
      "2023 Mercedes-Benz EQS 580 Base 4MATIC, 4.7, $92610\n",
      "\n",
      "2017 Mercedes-Benz AMG C 63 S, 4.9, $47250\n",
      "\n",
      "2023 Mercedes-Benz AMG GLE 53 4MATIC, 4.3, $79349\n",
      "\n",
      "2018 Mercedes-Benz CLA 250 Base 4MATIC, 4.3, $19990\n",
      "\n",
      "2023 Mercedes-Benz EQS 580 Base 4MATIC, 4.8, $90997\n",
      "\n",
      "2019 Mercedes-Benz AMG GLE 43 Base 4MATIC, 4.3, $41219\n",
      "\n",
      "2021 Mercedes-Benz AMG E 53 Base 4MATIC, 4.7, $76577\n",
      "\n",
      "2023 Mercedes-Benz Sprinter 2500 Standard Roof, 4.7, $52988\n",
      "\n",
      "2023 Mercedes-Benz Sprinter 2500 Standard Roof, 4.7, $50988\n",
      "\n",
      "2022 Mercedes-Benz AMG GLB 35 Base, 4.6, $49967\n",
      "\n",
      "2019 Mercedes-Benz CLS 450 Base, 4.0, $43895\n",
      "\n",
      "2019 Mercedes-Benz G-Class G 550 4MATIC, 4.0, $122900\n",
      "\n",
      "2020 Mercedes-Benz A-Class A 220, 4.7, $29000\n",
      "\n",
      "2023 Mercedes-Benz Sprinter 2500 Standard Roof, 4.7, $74988\n",
      "\n",
      "2023 Mercedes-Benz EQB 300 Base 4MATIC, 4.7, $48900\n",
      "\n",
      "2022 Mercedes-Benz EQS 580 Base 4MATIC, 4.6, $75799\n",
      "\n",
      "2023 Mercedes-Benz AMG GT 53 AMG GT 53, 5.0, $104900\n",
      "\n",
      "2023 Mercedes-Benz EQB 250 250 4D Sport Utility, 4.7, $49995\n",
      "\n",
      "2021 Mercedes-Benz AMG E 53 Base 4MATIC, 4.6, $59546\n",
      "\n",
      "2023 Mercedes-Benz EQS 580 Base 4MATIC, 4.7, $92610\n",
      "\n",
      "2018 Mercedes-Benz CLA 250 Base 4MATIC, 4.3, $19990\n",
      "\n",
      "2023 Mercedes-Benz AMG GLE 53 4MATIC, 4.3, $79349\n",
      "\n",
      "2017 Mercedes-Benz AMG C 63 S, 4.9, $47250\n",
      "\n",
      "2023 Mercedes-Benz EQS 580 Base 4MATIC, 4.8, $90997\n",
      "\n",
      "2019 Mercedes-Benz AMG GLE 43 Base 4MATIC, 4.3, $41219\n",
      "\n",
      "2021 Mercedes-Benz AMG E 53 Base 4MATIC, 4.7, $76577\n",
      "\n",
      "2023 Mercedes-Benz Sprinter 2500 Standard Roof, 4.7, $52988\n",
      "\n",
      "2023 Mercedes-Benz Sprinter 2500 Standard Roof, 4.7, $50988\n",
      "\n",
      "2022 Mercedes-Benz AMG GLB 35 Base, 4.6, $49967\n",
      "\n",
      "2019 Mercedes-Benz CLS 450 Base, 4.0, $43895\n",
      "\n",
      "2019 Mercedes-Benz G-Class G 550 4MATIC, 4.0, $122900\n",
      "\n",
      "2020 Mercedes-Benz A-Class A 220, 4.7, $29000\n",
      "\n",
      "2023 Mercedes-Benz Sprinter 2500 Standard Roof, 4.7, $74988\n",
      "\n",
      "2023 Mercedes-Benz EQB 300 Base 4MATIC, 4.7, $48900\n",
      "\n",
      "2022 Mercedes-Benz EQS 580 Base 4MATIC, 4.6, $75799\n",
      "\n",
      "2023 Mercedes-Benz AMG GT 53 AMG GT 53, 5.0, $104900\n",
      "\n",
      "2023 Mercedes-Benz EQB 250 250 4D Sport Utility, 4.7, $49995\n",
      "\n",
      "2021 Mercedes-Benz AMG E 53 Base 4MATIC, 4.6, $59546\n",
      "\n",
      "2023 Mercedes-Benz EQS 580 Base 4MATIC, 4.7, $92610\n",
      "\n",
      "2018 Mercedes-Benz CLA 250 Base 4MATIC, 4.3, $19990\n",
      "\n",
      "2023 Mercedes-Benz AMG GLE 53 4MATIC, 4.3, $79349\n",
      "\n",
      "2017 Mercedes-Benz AMG C 63 S, 4.9, $47250\n",
      "\n",
      "2023 Mercedes-Benz EQS 580 Base 4MATIC, 4.8, $90997\n",
      "\n",
      "2019 Mercedes-Benz AMG GLE 43 Base 4MATIC, 4.3, $41219\n",
      "\n",
      "2021 Mercedes-Benz AMG E 53 Base 4MATIC, 4.7, $76577\n",
      "\n",
      "2023 Mercedes-Benz Sprinter 2500 Standard Roof, 4.7, $52988\n",
      "\n",
      "2023 Mercedes-Benz Sprinter 2500 Standard Roof, 4.7, $50988\n",
      "\n",
      "2022 Mercedes-Benz AMG GLB 35 Base, 4.6, $49967\n",
      "\n",
      "2019 Mercedes-Benz CLS 450 Base, 4.0, $43895\n",
      "\n",
      "2019 Mercedes-Benz G-Class G 550 4MATIC, 4.0, $122900\n",
      "\n",
      "2020 Mercedes-Benz A-Class A 220, 4.7, $29000\n",
      "\n",
      "2023 Mercedes-Benz Sprinter 2500 Standard Roof, 4.7, $74988\n",
      "\n",
      "2023 Mercedes-Benz EQB 300 Base 4MATIC, 4.7, $48900\n",
      "\n",
      "2022 Mercedes-Benz EQS 580 Base 4MATIC, 4.6, $75799\n",
      "\n",
      "2023 Mercedes-Benz AMG GT 53 AMG GT 53, 5.0, $104900\n",
      "\n",
      "2023 Mercedes-Benz EQB 250 250 4D Sport Utility, 4.7, $49995\n",
      "\n",
      "2021 Mercedes-Benz AMG E 53 Base 4MATIC, 4.6, $59546\n",
      "\n",
      "2023 Mercedes-Benz EQS 580 Base 4MATIC, 4.7, $92610\n",
      "\n",
      "2018 Mercedes-Benz CLA 250 Base 4MATIC, 4.3, $19990\n",
      "\n",
      "2023 Mercedes-Benz AMG GLE 53 4MATIC, 4.3, $79349\n",
      "\n",
      "2017 Mercedes-Benz AMG C 63 S, 4.9, $47250\n",
      "\n",
      "2023 Mercedes-Benz EQS 580 Base 4MATIC, 4.8, $90997\n",
      "\n",
      "2019 Mercedes-Benz AMG GLE 43 Base 4MATIC, 4.3, $41219\n",
      "\n",
      "2021 Mercedes-Benz AMG E 53 Base 4MATIC, 4.7, $76577\n",
      "\n",
      "2023 Mercedes-Benz Sprinter 2500 Standard Roof, 4.7, $52988\n",
      "\n",
      "2023 Mercedes-Benz Sprinter 2500 Standard Roof, 4.7, $50988\n",
      "\n",
      "2022 Mercedes-Benz AMG GLB 35 Base, 4.6, $49967\n",
      "\n",
      "2019 Mercedes-Benz CLS 450 Base, 4.0, $43895\n",
      "\n",
      "2019 Mercedes-Benz G-Class G 550 4MATIC, 4.0, $122900\n",
      "\n",
      "2020 Mercedes-Benz A-Class A 220, 4.7, $29000\n",
      "\n",
      "2023 Mercedes-Benz Sprinter 2500 Standard Roof, 4.7, $74988\n",
      "\n",
      "2023 Mercedes-Benz EQB 300 Base 4MATIC, 4.7, $48900\n",
      "\n",
      "2022 Mercedes-Benz EQS 580 Base 4MATIC, 4.6, $75799\n",
      "\n",
      "2023 Mercedes-Benz AMG GT 53 AMG GT 53, 5.0, $104900\n",
      "\n",
      "2023 Mercedes-Benz EQB 250 250 4D Sport Utility, 4.7, $49995\n",
      "\n",
      "2021 Mercedes-Benz AMG E 53 Base 4MATIC, 4.6, $59546\n",
      "\n",
      "2023 Mercedes-Benz EQS 580 Base 4MATIC, 4.7, $92610\n",
      "\n",
      "2018 Mercedes-Benz CLA 250 Base 4MATIC, 4.3, $19990\n",
      "\n",
      "2023 Mercedes-Benz AMG GLE 53 4MATIC, 4.3, $79349\n",
      "\n",
      "2017 Mercedes-Benz AMG C 63 S, 4.9, $47250\n",
      "\n",
      "2023 Mercedes-Benz EQS 580 Base 4MATIC, 4.8, $90997\n",
      "\n",
      "2019 Mercedes-Benz AMG GLE 43 Base 4MATIC, 4.3, $41219\n",
      "\n",
      "2021 Mercedes-Benz AMG E 53 Base 4MATIC, 4.7, $76577\n",
      "\n",
      "2023 Mercedes-Benz Sprinter 2500 Standard Roof, 4.7, $52988\n",
      "\n",
      "2023 Mercedes-Benz Sprinter 2500 Standard Roof, 4.7, $50988\n",
      "\n",
      "2022 Mercedes-Benz AMG GLB 35 Base, 4.6, $49967\n",
      "\n",
      "2019 Mercedes-Benz CLS 450 Base, 4.0, $43895\n",
      "\n",
      "2019 Mercedes-Benz G-Class G 550 4MATIC, 4.0, $122900\n",
      "\n",
      "2020 Mercedes-Benz A-Class A 220, 4.7, $29000\n",
      "\n",
      "2023 Mercedes-Benz Sprinter 2500 Standard Roof, 4.7, $74988\n",
      "\n",
      "2023 Mercedes-Benz EQB 300 Base 4MATIC, 4.7, $48900\n",
      "\n",
      "2022 Mercedes-Benz EQS 580 Base 4MATIC, 4.6, $75799\n",
      "\n",
      "2023 Mercedes-Benz AMG GT 53 AMG GT 53, 5.0, $104900\n",
      "\n",
      "2023 Mercedes-Benz EQB 250 250 4D Sport Utility, 4.7, $49995\n",
      "\n",
      "2021 Mercedes-Benz AMG E 53 Base 4MATIC, 4.6, $59546\n",
      "\n",
      "2023 Mercedes-Benz EQS 580 Base 4MATIC, 4.7, $92610\n",
      "\n",
      "2018 Mercedes-Benz CLA 250 Base 4MATIC, 4.3, $19990\n",
      "\n",
      "2023 Mercedes-Benz AMG GLE 53 4MATIC, 4.3, $79349\n",
      "\n",
      "2017 Mercedes-Benz AMG C 63 S, 4.9, $47250\n",
      "\n",
      "2023 Mercedes-Benz EQS 580 Base 4MATIC, 4.8, $90997\n",
      "\n",
      "2019 Mercedes-Benz AMG GLE 43 Base 4MATIC, 4.3, $41219\n",
      "\n",
      "2021 Mercedes-Benz AMG E 53 Base 4MATIC, 4.7, $76577\n",
      "\n",
      "2023 Mercedes-Benz Sprinter 2500 Standard Roof, 4.7, $52988\n",
      "\n",
      "2023 Mercedes-Benz Sprinter 2500 Standard Roof, 4.7, $50988\n",
      "\n",
      "2022 Mercedes-Benz AMG GLB 35 Base, 4.6, $49967\n",
      "\n",
      "2019 Mercedes-Benz CLS 450 Base, 4.0, $43895\n",
      "\n",
      "2019 Mercedes-Benz G-Class G 550 4MATIC, 4.0, $122900\n",
      "\n",
      "2020 Mercedes-Benz A-Class A 220, 4.7, $29000\n",
      "\n",
      "2023 Mercedes-Benz Sprinter 2500 Standard Roof, 4.7, $74988\n",
      "\n",
      "2023 Mercedes-Benz EQB 300 Base 4MATIC, 4.7, $48900\n",
      "\n",
      "2022 Mercedes-Benz EQS 580 Base 4MATIC, 4.6, $75799\n",
      "\n",
      "2023 Mercedes-Benz AMG GT 53 AMG GT 53, 5.0, $104900\n",
      "\n",
      "2023 Mercedes-Benz EQB 250 250 4D Sport Utility, 4.7, $49995\n",
      "\n",
      "2021 Mercedes-Benz AMG E 53 Base 4MATIC, 4.6, $59546\n",
      "\n",
      "2023 Mercedes-Benz EQS 580 Base 4MATIC, 4.7, $92610\n",
      "\n",
      "2018 Mercedes-Benz CLA 250 Base 4MATIC, 4.3, $19990\n",
      "\n",
      "2023 Mercedes-Benz AMG GLE 53 4MATIC, 4.3, $79349\n",
      "\n",
      "2017 Mercedes-Benz AMG C 63 S, 4.9, $47250\n",
      "\n",
      "2023 Mercedes-Benz EQS 580 Base 4MATIC, 4.8, $90997\n",
      "\n",
      "2019 Mercedes-Benz AMG GLE 43 Base 4MATIC, 4.3, $41219\n",
      "\n",
      "2021 Mercedes-Benz AMG E 53 Base 4MATIC, 4.7, $76577\n",
      "\n",
      "2023 Mercedes-Benz Sprinter 2500 Standard Roof, 4.7, $52988\n",
      "\n",
      "2023 Mercedes-Benz Sprinter 2500 Standard Roof, 4.7, $50988\n",
      "\n",
      "2022 Mercedes-Benz AMG GLB 35 Base, 4.6, $49967\n",
      "\n",
      "2019 Mercedes-Benz CLS 450 Base, 4.0, $43895\n",
      "\n",
      "2019 Mercedes-Benz G-Class G 550 4MATIC, 4.0, $122900\n",
      "\n",
      "2020 Mercedes-Benz A-Class A 220, 4.7, $29000\n",
      "\n",
      "2023 Mercedes-Benz Sprinter 2500 Standard Roof, 4.7, $74988\n",
      "\n",
      "2023 Mercedes-Benz EQB 300 Base 4MATIC, 4.7, $48900\n",
      "\n",
      "2022 Mercedes-Benz EQS 580 Base 4MATIC, 4.6, $75799\n",
      "\n",
      "2023 Mercedes-Benz AMG GT 53 AMG GT 53, 5.0, $104900\n",
      "\n",
      "2023 Mercedes-Benz EQB 250 250 4D Sport Utility, 4.7, $49995\n",
      "\n",
      "2021 Mercedes-Benz AMG E 53 Base 4MATIC, 4.6, $59546\n",
      "\n",
      "2023 Mercedes-Benz EQS 580 Base 4MATIC, 4.7, $92610\n",
      "\n",
      "2018 Mercedes-Benz CLA 250 Base 4MATIC, 4.3, $19990\n",
      "\n",
      "2023 Mercedes-Benz AMG GLE 53 4MATIC, 4.3, $79349\n",
      "\n",
      "2017 Mercedes-Benz AMG C 63 S, 4.9, $47250\n",
      "\n",
      "2023 Mercedes-Benz EQS 580 Base 4MATIC, 4.8, $90997\n",
      "\n",
      "2019 Mercedes-Benz AMG GLE 43 Base 4MATIC, 4.3, $41219\n",
      "\n",
      "2021 Mercedes-Benz AMG E 53 Base 4MATIC, 4.7, $76577\n",
      "\n",
      "2023 Mercedes-Benz Sprinter 2500 Standard Roof, 4.7, $52988\n",
      "\n",
      "2023 Mercedes-Benz Sprinter 2500 Standard Roof, 4.7, $50988\n",
      "\n",
      "2022 Mercedes-Benz AMG GLB 35 Base, 4.6, $49967\n",
      "\n",
      "2019 Mercedes-Benz CLS 450 Base, 4.0, $43895\n",
      "\n",
      "2019 Mercedes-Benz G-Class G 550 4MATIC, 4.0, $122900\n",
      "\n",
      "2020 Mercedes-Benz A-Class A 220, 4.7, $29000\n",
      "\n",
      "2023 Mercedes-Benz Sprinter 2500 Standard Roof, 4.7, $74988\n",
      "\n",
      "2023 Mercedes-Benz EQB 300 Base 4MATIC, 4.7, $48900\n",
      "\n",
      "2022 Mercedes-Benz EQS 580 Base 4MATIC, 4.6, $75799\n",
      "\n",
      "2023 Mercedes-Benz AMG GT 53 AMG GT 53, 5.0, $104900\n",
      "\n",
      "2023 Mercedes-Benz EQB 250 250 4D Sport Utility, 4.7, $49995\n",
      "\n",
      "2021 Mercedes-Benz AMG E 53 Base 4MATIC, 4.6, $59546\n",
      "\n",
      "2023 Mercedes-Benz EQS 580 Base 4MATIC, 4.7, $92610\n",
      "\n",
      "2018 Mercedes-Benz CLA 250 Base 4MATIC, 4.3, $19990\n",
      "\n",
      "2023 Mercedes-Benz AMG GLE 53 4MATIC, 4.3, $79349\n",
      "\n",
      "2017 Mercedes-Benz AMG C 63 S, 4.9, $47250\n",
      "\n",
      "2023 Mercedes-Benz EQS 580 Base 4MATIC, 4.8, $90997\n",
      "\n",
      "2019 Mercedes-Benz AMG GLE 43 Base 4MATIC, 4.3, $41219\n",
      "\n",
      "2021 Mercedes-Benz AMG E 53 Base 4MATIC, 4.7, $76577\n",
      "\n",
      "2023 Mercedes-Benz Sprinter 2500 Standard Roof, 4.7, $52988\n",
      "\n",
      "2023 Mercedes-Benz Sprinter 2500 Standard Roof, 4.7, $50988\n",
      "\n",
      "2022 Mercedes-Benz AMG GLB 35 Base, 4.6, $49967\n",
      "\n",
      "2019 Mercedes-Benz CLS 450 Base, 4.0, $43895\n",
      "\n",
      "2019 Mercedes-Benz G-Class G 550 4MATIC, 4.0, $122900\n",
      "\n",
      "2020 Mercedes-Benz A-Class A 220, 4.7, $29000\n",
      "\n",
      "2023 Mercedes-Benz Sprinter 2500 Standard Roof, 4.7, $74988\n",
      "\n"
     ]
    },
    {
     "name": "stdout",
     "output_type": "stream",
     "text": [
      "2023 Mercedes-Benz EQB 300 Base 4MATIC, 4.7, $48900\n",
      "\n",
      "2022 Mercedes-Benz EQS 580 Base 4MATIC, 4.6, $75799\n",
      "\n",
      "2023 Mercedes-Benz AMG GT 53 AMG GT 53, 5.0, $104900\n",
      "\n",
      "2023 Mercedes-Benz EQB 250 250 4D Sport Utility, 4.7, $49995\n",
      "\n",
      "2021 Mercedes-Benz AMG E 53 Base 4MATIC, 4.6, $59546\n",
      "\n",
      "2023 Mercedes-Benz EQS 580 Base 4MATIC, 4.7, $92610\n",
      "\n",
      "2018 Mercedes-Benz CLA 250 Base 4MATIC, 4.3, $19990\n",
      "\n",
